100
0
1.000000000000000021e-02 -1.691661450594952598e-01 4.053907779128708144e-01 -6.022406041939954990e-01 0.000000000000000000e+00 0.000000000000000000e+00 0.000000000000000000e+00
1.000000000000000021e-02 2.959826032326747236e-01 -6.210587836544526619e-01 -2.702932168642894761e-01 0.000000000000000000e+00 0.000000000000000000e+00 0.000000000000000000e+00
1.000000000000000021e-02 -4.597919715817640474e-01 4.597385836193110253e-01 -2.565899674604933400e-01 0.000000000000000000e+00 0.000000000000000000e+00 0.000000000000000000e+00
1.000000000000000021e-02 -8.395054512374061639e-01 4.632284905939580422e-01 -2.181179047186840581e-01 0.000000000000000000e+00 0.000000000000000000e+00 0.000000000000000000e+00
1.000000000000000021e-02 -1.718764479340835483e-01 5.538315523693356779e-01 7.272744057442873666e-01 0.000000000000000000e+00 0.000000000000000000e+00 0.000000000000000000e+00
1.000000000000000021e-02 -6.037235175742551307e-01 -4.970734466381299815e-02 7.024015606627521946e-02 0.000000000000000000e+00 0.000000000000000000e+00 0.000000000000000000e+00
1.000000000000000021e-02 6.476750151293542146e-01 -6.102436525000127787e-01 3.419525269249085175e-01 0.000000000000000000e+00 0.000000000000000000e+00 0.000000000000000000e+00
1.000000000000000021e-02 2.608671419685956727e-01 2.731728500077834632e-01 -9.093322092177393012e-02 0.000000000000000000e+00 0.000000000000000000e+00 0.000000000000000000e+00
1.000000000000000021e-02 2.568399725360299146e-01 -5.040584841671734706e-01 4.379356222591856418e-01 0.000000000000000000e+00 0.000000000000000000e+00 0.000000000000000000e+00
1.000000000000000021e-02 2.392308542847657871e-01 3.840847524679746883e-01 -4.869668763382926924e-02 0.000000000000000000e+00 0.000000000000000000e+00 0.000000000000000000e+00
1.000000000000000021e-02 -2.907979191192154866e-01 8.429468297570376356e-02 -2.347032396778226948e-01 0.000000000000000000e+00 0.000000000000000000e+00 0.000000000000000000e+00
1.000000000000000021e-02 8.048304745193747278e-01 5.222305022341298258e-02 8.384089002531919244e-02 0.000000000000000000e+00 0.000000000000000000e+00 0.000000000000000000e+00
1.000000000000000021e-02 7.692723234639207855e-04 -2.154245684907339989e-02 1.930296872446765621e-01 0.000000000000000000e+00 0.000000000000000000e+00 0.000000000000000000e+00
1.000000000000000021e-02 5.136539138810995997e-01 2.464808337347850486e-01 -3.370862082198785026e-01 0.000000000000000000e+00 0.000000000000000000e+00 0.000000000000000000e+00
1.000000000000000021e-02 2.791369431210481006e-02 8.158195534759608014e-01 -4.323912679333739018e-01 0.000000000000000000e+00 0.000000000000000000e+00 0.000000000000000000e+00
1.000000000000000021e-02 -6.516761389926263304e-01 -5.044304814924301800e-02 -1.841451152687258452e-01 0.000000000000000000e+00 0.000000000000000000e+00 0.000000000000000000e+00
1.000000000000000021e-02 -3.160770967836427636e-01 8.411290112138859465e-01 2.043659466385345513e-01 0.000000000000000000e+00 0.000000000000000000e+00 0.000000000000000000e+00
1.000000000000000021e-02 -6.212640426372302294e-01 2.299422252427069102e-01 1.560183194961569098e-01 0.000000000000000000e+00 0.000000000000000000e+00 0.000000000000000000e+00
1.000000000000000021e-02 -1.243407309544644207e-01 4.323096241235519499e-01 -6.439211148358880976e-01 0.000000000000000000e+00 0.000000000000000000e+00 0.000000000000000000e+00
1.000000000000000021e-02 7.553874732423472294e-01 -4.279083684949084865e-01 -1.920573841203783161e-01 0.000000000000000000e+00 0.000000000000000000e+00 0.000000000000000000e+00
1.000000000000000021e-02 5.574680925492191408e-01 -4.602965622451867800e-01 5.460179523537471713e-01 0.000000000000000000e+00 0.000000000000000000e+00 0.000000000000000000e+00
1.000000000000000021e-02 -7.286447166107229423e-01 4.783687519589915893e-01 7.197160755093578999e-02 0.000000000000000000e+00 0.000000000000000000e+00 0.000000000000000000e+00
1.000000000000000021e-02 -4.085690034603949861e-01 2.754486950717477400e-01 -1.718618327612055630e-01 0.000000000000000000e+00 0.000000000000000000e+00 0.000000000000000000e+00
1.000000000000000021e-02 -1.321317724806178595e-01 -8.072975303774638789e-01 3.369801468474122319e-01 0.000000000000000000e+00 0.000000000000000000e+00 0.000000000000000000e+00
1.000000000000000021e-02 -6.159655515293591677e-01 2.214471495790425737e-01 1.373260710395587392e-01 0.000000000000000000e+00 0.000000000000000000e+00 0.000000000000000000e+00
1.000000000000000021e-02 1.212085597078758556e-02 -5.600563195975978292e-01 -1.374813801739705743e-01 0.000000000000000000e+00 0.000000000000000000e+00 0.000000000000000000e+00
1.000000000000000021e-02 -6.832467195051405984e-01 3.702850452544980686e-01 -2.200502525024990164e-02 0.000000000000000000e+00 0.000000000000000000e+00 0.000000000000000000e+00
1.000000000000000021e-02 -8.534029224451138429e-01 1.073147248721071922e-01 -9.154627640809652467e-02 0.000000000000000000e+00 0.000000000000000000e+00 0.000000000000000000e+00
1.000000000000000021e-02 -5.067421850512591197e-01 1.971984330553153142e-01 -6.520786083221854490e-01 0.000000000000000000e+00 0.000000000000000000e+00 0.000000000000000000e+00
1.000000000000000021e-02 2.858198941487283262e-02 -5.143795630537106867e-01 -2.525262778560404819e-01 0.000000000000000000e+00 0.000000000000000000e+00 0.000000000000000000e+00
1.000000000000000021e-02 5.396900758208833526e-01 7.010826975040781450e-01 -3.844761134947490833e-01 0.000000000000000000e+00 0.000000000000000000e+00 0.000000000000000000e+00
1.000000000000000021e-02 -2.565147047424066670e-02 -5.949959099435225829e-01 -4.504684517900238161e-01 0.000000000000000000e+00 0.000000000000000000e+00 0.000000000000000000e+00
1.000000000000000021e-02 1.123535952361920803e-01 -8.996350012079659120e-01 -2.816201296116108144e-01 0.000000000000000000e+00 0.000000000000000000e+00 0.000000000000000000e+00
1.000000000000000021e-02 5.031083235359840033e-01 -2.028124985502573474e-01 -2.472977441277460220e-01 0.000000000000000000e+00 0.000000000000000000e+00 0.000000000000000000e+00
1.000000000000000021e-02 -6.973931352286473484e-03 7.601284203484169610e-02 9.790715501334751325e-01 0.000000000000000000e+00 0.000000000000000000e+00 0.000000000000000000e+00
1.000000000000000021e-02 -7.466898127801498974e-01 -4.202799835803666673e-01 -3.606676919065526232e-01 0.000000000000000000e+00 0.000000000000000000e+00 0.000000000000000000e+00
1.000000000000000021e-02 -3.850269204986314087e-01 3.220287117079007611e-01 1.387693024675112352e-01 0.000000000000000000e+00 0.000000000000000000e+00 0.000000000000000000e+00
1.000000000000000021e-02 3.045256236622874702e-01 1.348048020471573627e-01 3.984114264406480310e-01 0.000000000000000000e+00 0.000000000000000000e+00 0.000000000000000000e+00
1.000000000000000021e-02 9.542204945933641103e-02 4.575365274456933418e-01 7.503590690782434569e-01 0.000000000000000000e+00 0.000000000000000000e+00 0.000000000000000000e+00
1.000000000000000021e-02 3.099223419720852357e-01 -5.092893713306969605e-01 -7.928852846405475274e-01 0.000000000000000000e+00 0.000000000000000000e+00 0.000000000000000000e+00
1.000000000000000021e-02 -2.317527120096693483e-01 -6.822790815764012695e-01 3.417668145177675809e-01 0.000000000000000000e+00 0.000000000000000000e+00 0.000000000000000000e+00
1.000000000000000021e-02 -1.768650487031113994e-01 4.779911881408663299e-01 6.532255958840986754e-01 0.000000000000000000e+00 0.000000000000000000e+00 0.000000000000000000e+00
1.000000000000000021e-02 -4.633509175345528197e-01 -5.035419727020529895e-02 4.504795767663661854e-01 0.000000000000000000e+00 0.000000000000000000e+00 0.000000000000000000e+00
1.000000000000000021e-02 7.411305376520244126e-02 -6.397933911236047821e-01 -1.355937203875807462e-01 0.000000000000000000e+00 0.000000000000000000e+00 0.000000000000000000e+00
1.000000000000000021e-02 -6.709492260457203816e-01 1.008252185809266899e-01 4.378327266873941470e-01 0.000000000000000000e+00 0.000000000000000000e+00 0.000000000000000000e+00
1.000000000000000021e-02 2.349449396487329478e-01 -3.496820451302281585e-01 5.851581419429972841e-02 0.000000000000000000e+00 0.000000000000000000e+00 0.000000000000000000e+00
1.000000000000000021e-02 7.133387602446988884e-01 -1.522865228988073971e-01 3.574663692153277617e-01 0.000000000000000000e+00 0.000000000000000000e+00 0.000000000000000000e+00
1.000000000000000021e-02 5.771341126967587387e-01 -4.927833829200113647e-02 -4.708489697869643886e-01 0.000000000000000000e+00 0.000000000000000000e+00 0.000000000000000000e+00
1.000000000000000021e-02 -8.849814951893399950e-01 -5.051092885604763216e-03 2.672325827710299029e-01 0.000000000000000000e+00 0.000000000000000000e+00 0.000000000000000000e+00
1.000000000000000021e-02 -6.854528344328040257e-01 2.059761042550846410e-01 6.885007152441528777e-02 0.000000000000000000e+00 0.000000000000000000e+00 0.000000000000000000e+00
1.000000000000000021e-02 -1.386434017888505676e-01 -9.226823018894320105e-01 -2.652523888233939697e-01 0.000000000000000000e+00 0.000000000000000000e+00 0.000000000000000000e+00
1.000000000000000021e-02 3.444085174344828637e-01 3.953331331640900781e-01 -4.030453160327875373e-01 0.000000000000000000e+00 0.000000000000000000e+00 0.000000000000000000e+00
1.000000000000000021e-02 5.644050151122461667e-01 -6.602211849448692549e-01 -2.615066617501599078e-01 0.000000000000000000e+00 0.000000000000000000e+00 0.000000000000000000e+00
1.000000000000000021e-02 7.839940515711683044e-01 -2.666906873115363341e-01 -4.875582348177497083e-02 0.000000000000000000e+00 0.000000000000000000e+00 0.000000000000000000e+00
1.000000000000000021e-02 -2.348229237552242610e-01 4.948955588813147011e-01 7.681175242630439159e-01 0.000000000000000000e+00 0.000000000000000000e+00 0.000000000000000000e+00
1.000000000000000021e-02 -3.619704258688546950e-01 6.065957284284050344e-01 4.556315279150181530e-01 0.000000000000000000e+00 0.000000000000000000e+00 0.000000000000000000e+00
1.000000000000000021e-02 -4.630067686480504596e-01 6.683065902802370895e-01 -1.677969816604415743e-01 0.000000000000000000e+00 0.000000000000000000e+00 0.000000000000000000e+00
1.000000000000000021e-02 3.159899878702875364e-01 -7.335759120401741384e-01 2.603678377289327939e-01 0.000000000000000000e+00 0.000000000000000000e+00 0.000000000000000000e+00
1.000000000000000021e-02 -2.230659565961712887e-01 -1.651683572425903523e-01 5.005996503873538783e-01 0.000000000000000000e+00 0.000000000000000000e+00 0.000000000000000000e+00
1.000000000000000021e-02 -6.592931350880327779e-01 6.721833334528433401e-02 5.445212133723428272e-01 0.000000000000000000e+00 0.000000000000000000e+00 0.000000000000000000e+00
1.000000000000000021e-02 4.993161591398089239e-01 -5.518606509966968512e-03 -6.169039187902094490e-01 0.000000000000000000e+00 0.000000000000000000e+00 0.000000000000000000e+00
1.000000000000000021e-02 -3.744596286756123327e-01 8.197820110872362509e-01 -2.327318781601403208e-01 0.000000000000000000e+00 0.000000000000000000e+00 0.000000000000000000e+00
1.000000000000000021e-02 -1.424918470152340515e-02 9.785332531993689020e-01 -7.781102741780367149e-02 0.000000000000000000e+00 0.000000000000000000e+00 0.000000000000000000e+00
1.000000000000000021e-02 6.220742387265121298e-01 -6.060542584676633648e-01 -1.401062035358128510e-01 0.000000000000000000e+00 0.000000000000000000e+00 0.000000000000000000e+00
1.000000000000000021e-02 5.842751193780747476e-01 -7.333671123361951150e-01 1.420512249618530731e-01 0.000000000000000000e+00 0.000000000000000000e+00 0.000000000000000000e+00
1.000000000000000021e-02 -6.182348614956968413e-01 5.647600843687654998e-02 2.858533743963080909e-01 0.000000000000000000e+00 0.000000000000000000e+00 0.000000000000000000e+00
1.000000000000000021e-02 5.036842657323811201e-01 -7.079274255259427884e-01 -2.555703704240905316e-01 0.000000000000000000e+00 0.000000000000000000e+00 0.000000000000000000e+00
1.000000000000000021e-02 -2.612478781140146755e-01 -7.288127705801812628e-02 4.647741434141469119e-01 0.000000000000000000e+00 0.000000000000000000e+00 0.000000000000000000e+00
1.000000000000000021e-02 -5.327181817937991504e-01 -5.120822106869825641e-01 -3.531397844014749765e-01 0.000000000000000000e+00 0.000000000000000000e+00 0.000000000000000000e+00
1.000000000000000021e-02 1.632572075727774241e-01 8.222012874090489642e-01 2.939775076488111982e-01 0.000000000000000000e+00 0.000000000000000000e+00 0.000000000000000000e+00
1.000000000000000021e-02 -5.932035025407759316e-02 8.523687216848324644e-02 -5.866049460662179360e-01 0.000000000000000000e+00 0.000000000000000000e+00 0.000000000000000000e+00
1.000000000000000021e-02 -1.599938900848639489e-01 -1.259653219040042238e-01 7.188891788985724007e-01 0.000000000000000000e+00 0.000000000000000000e+00 0.000000000000000000e+00
1.000000000000000021e-02 4.057972006124765940e-01 -1.324709071350077816e-01 8.501476238656582307e-01 0.000000000000000000e+00 0.000000000000000000e+00 0.000000000000000000e+00
1.000000000000000021e-02 1.908083488903158584e-02 -7.506818465316488220e-01 -4.957467604354539592e-01 0.000000000000000000e+00 0.000000000000000000e+00 0.000000000000000000e+00
1.000000000000000021e-02 -5.075996440683708810e-01 5.930809444480613507e-02 1.566506339459480257e-01 0.000000000000000000e+00 0.000000000000000000e+00 0.000000000000000000e+00
1.000000000000000021e-02 6.843316275013103800e-01 4.507720192739276821e-01 -2.228338410007423692e-02 0.000000000000000000e+00 0.000000000000000000e+00 0.000000000000000000e+00
1.000000000000000021e-02 -2.904027255019863696e-01 6.031853566405982470e-01 7.222425032888393215e-01 0.000000000000000000e+00 0.000000000000000000e+00 0.000000000000000000e+00
1.000000000000000021e-02 1.309399260963255152e-01 -9.599460001230839534e-01 -3.243979425965220348e-02 0.000000000000000000e+00 0.000000000000000000e+00 0.000000000000000000e+00
1.000000000000000021e-02 -4.830861125811045653e-01 -3.135496933604846048e-01 1.103773960591247598e-02 0.000000000000000000e+00 0.000000000000000000e+00 0.000000000000000000e+00
1.000000000000000021e-02 7.223138424274104796e-01 1.564852472710639153e-01 -4.412015567732932020e-01 0.000000000000000000e+00 0.000000000000000000e+00 0.000000000000000000e+00
1.000000000000000021e-02 2.488033227734743474e-02 6.940809411332121703e-01 -6.762496543614347766e-02 0.000000000000000000e+00 0.000000000000000000e+00 0.000000000000000000e+00
1.000000000000000021e-02 2.170567916914196982e-01 8.553075508698436691e-01 1.147222917038845380e-01 0.000000000000000000e+00 0.000000000000000000e+00 0.000000000000000000e+00
1.000000000000000021e-02 -8.151118369211539649e-01 2.265533683007934784e-01 -5.066959230679753956e-01 0.000000000000000000e+00 0.000000000000000000e+00 0.000000000000000000e+00
1.000000000000000021e-02 -5.886185843983093857e-01 5.467040320491849126e-02 -6.144587481401966311e-01 0.000000000000000000e+00 0.000000000000000000e+00 0.000000000000000000e+00
1.000000000000000021e-02 7.861264465650140698e-01 5.933212267540186602e-01 -1.273676684616990296e-01 0.000000000000000000e+00 0.000000000000000000e+00 0.000000000000000000e+00
1.000000000000000021e-02 -1.860152614806524218e-01 -4.768450963333505932e-01 -2.094993161063861964e-01 0.000000000000000000e+00 0.000000000000000000e+00 0.000000000000000000e+00
1.000000000000000021e-02 5.726424370098314176e-01 2.706400726517300126e-01 -1.993273990409487606e-01 0.000000000000000000e+00 0.000000000000000000e+00 0.000000000000000000e+00
1.000000000000000021e-02 6.685043890674834399e-01 3.565590410907673036e-01 -1.328739053448834417e-01 0.000000000000000000e+00 0.000000000000000000e+00 0.000000000000000000e+00
1.000000000000000021e-02 -2.546475395655776741e-01 -7.177126214928905013e-01 -6.096828454399375596e-01 0.000000000000000000e+00 0.000000000000000000e+00 0.000000000000000000e+00
1.000000000000000021e-02 1.101622533913219348e-01 -3.549045791903951974e-01 -5.027877496839830984e-01 0.000000000000000000e+00 0.000000000000000000e+00 0.000000000000000000e+00
1.000000000000000021e-02 9.188459697354829647e-02 6.327435753033935351e-01 -2.487646893184387517e-02 0.000000000000000000e+00 0.000000000000000000e+00 0.000000000000000000e+00
1.000000000000000021e-02 8.490503892845514822e-02 -5.766043924371528906e-01 5.873211518029082256e-01 0.000000000000000000e+00 0.000000000000000000e+00 0.000000000000000000e+00
1.000000000000000021e-02 3.623362623772370394e-01 -8.057889850230297579e-01 -4.663163207732582971e-01 0.000000000000000000e+00 0.000000000000000000e+00 0.000000000000000000e+00
1.000000000000000021e-02 3.871344814812808233e-01 -2.329517749221092782e-01 -5.305950672316032124e-01 0.000000000000000000e+00 0.000000000000000000e+00 0.000000000000000000e+00
1.000000000000000021e-02 5.525200134808894159e-01 1.974038820529349925e-01 -5.672078137582849955e-01 0.000000000000000000e+00 0.000000000000000000e+00 0.000000000000000000e+00
1.000000000000000021e-02 -6.443938593958595806e-01 2.228150478451182692e-01 1.307243012365606472e-01 0.000000000000000000e+00 0.000000000000000000e+00 0.000000000000000000e+00
1.000000000000000021e-02 -3.382660578149181418e-01 4.618105554665383750e-01 6.371489843908322293e-01 0.000000000000000000e+00 0.000000000000000000e+00 0.000000000000000000e+00
1.000000000000000021e-02 -2.542701158234195180e-01 5.720777216792837239e-01 -1.771483279964022051e-01 0.000000000000000000e+00 0.000000000000000000e+00 0.000000000000000000e+00
1.000000000000000021e-02 -4.741105925499752294e-01 6.853987779087803434e-01 4.599596814467751815e-01 0.000000000000000000e+00 0.000000000000000000e+00 0.000000000000000000e+00
1.000000000000000021e-02 5.106231783332766394e-01 5.659397070167859756e-01 -3.692911942226909661e-01 0.000000000000000000e+00 0.000000000000000000e+00 0.000000000000000000e+00
