100
0
1.418888029274893794e-05 -6.431440211098940485e-02 -2.889617841697390555e-01 -1.234256722427713206e-02 0.000000000000000000e+00 0.000000000000000000e+00 0.000000000000000000e+00
1.418888029274893794e-05 9.643821143874724278e-02 -2.622304493357734412e-01 2.923153721643605429e-01 0.000000000000000000e+00 0.000000000000000000e+00 0.000000000000000000e+00
1.418888029274893794e-05 5.762988036597295194e-01 5.134615109013747070e-01 4.531914694052209813e-01 0.000000000000000000e+00 0.000000000000000000e+00 0.000000000000000000e+00
1.418888029274893794e-05 -2.031874743243266279e-01 7.943742923854153481e-01 -4.936035926511248006e-01 0.000000000000000000e+00 0.000000000000000000e+00 0.000000000000000000e+00
1.418888029274893794e-05 -7.306677524103877275e-02 -3.520644314283444265e-01 4.049761379811560591e-01 0.000000000000000000e+00 0.000000000000000000e+00 0.000000000000000000e+00
1.418888029274893794e-05 5.413492985716777256e-02 -5.858632215085142203e-01 5.831963457595080724e-01 0.000000000000000000e+00 0.000000000000000000e+00 0.000000000000000000e+00
1.418888029274893794e-05 8.747940248894943149e-01 -1.426624759171684076e-01 3.273697259955718475e-01 0.000000000000000000e+00 0.000000000000000000e+00 0.000000000000000000e+00
1.418888029274893794e-05 -4.358710456025117752e-01 -4.085925550693950692e-01 7.230645221684443014e-01 0.000000000000000000e+00 0.000000000000000000e+00 0.000000000000000000e+00
1.418888029274893794e-05 6.708583433248823669e-01 3.242513596918980556e-01 5.651847022275331422e-01 0.000000000000000000e+00 0.000000000000000000e+00 0.000000000000000000e+00
1.418888029274893794e-05 9.541264586915807477e-01 4.682539895850273276e-02 2.586949059650199556e-02 0.000000000000000000e+00 0.000000000000000000e+00 0.000000000000000000e+00
1.418888029274893794e-05 -7.156954364869859420e-02 -7.672106313463442420e-03 -3.242854952992597906e-02 0.000000000000000000e+00 0.000000000000000000e+00 0.000000000000000000e+00
1.418888029274893794e-05 1.096540150047007334e-01 9.164686442615831430e-01 -2.240353531618017313e-01 0.000000000000000000e+00 0.000000000000000000e+00 0.000000000000000000e+00
1.418888029274893794e-05 -4.591315796562855066e-03 -2.714481397409722607e-01 -2.389238298371185454e-01 0.000000000000000000e+00 0.000000000000000000e+00 0.000000000000000000e+00
1.418888029274893794e-05 4.398239064329557690e-01 -1.295388849451791224e-01 8.422624603389823328e-01 0.000000000000000000e+00 0.000000000000000000e+00 0.000000000000000000e+00
1.418888029274893794e-05 1.060001297178809893e-01 4.744716268959504046e-01 5.172998100810405342e-01 0.000000000000000000e+00 0.000000000000000000e+00 0.000000000000000000e+00
1.418888029274893794e-05 -5.231914472644147995e-01 1.280857998893065175e-01 -6.931449848023749638e-01 0.000000000000000000e+00 0.000000000000000000e+00 0.000000000000000000e+00
1.418888029274893794e-05 -2.445908938470691130e-01 -1.509925277881661587e-01 -3.628589126800729758e-02 0.000000000000000000e+00 0.000000000000000000e+00 0.000000000000000000e+00
1.418888029274893794e-05 5.249075201724665574e-01 4.193137618118995130e-02 -7.730442991847097378e-01 0.000000000000000000e+00 0.000000000000000000e+00 0.000000000000000000e+00
1.418888029274893794e-05 1.048743568039730472e-03 -8.786802124870010111e-01 -2.165132460032559436e-01 0.000000000000000000e+00 0.000000000000000000e+00 0.000000000000000000e+00
1.418888029274893794e-05 -4.954111474802519455e-01 -8.379094954558342634e-01 7.378386864551151822e-03 0.000000000000000000e+00 0.000000000000000000e+00 0.000000000000000000e+00
1.418888029274893794e-05 3.579274348040989984e-01 2.571718000017904071e-01 5.443770570916327545e-01 0.000000000000000000e+00 0.000000000000000000e+00 0.000000000000000000e+00
1.418888029274893794e-05 2.649299235678401754e-01 -6.029180087159042856e-01 6.765010745117501501e-02 0.000000000000000000e+00 0.000000000000000000e+00 0.000000000000000000e+00
1.418888029274893794e-05 -9.507200534264852454e-01 2.690028128643861538e-01 -7.659830380837570618e-02 0.000000000000000000e+00 0.000000000000000000e+00 0.000000000000000000e+00
1.418888029274893794e-05 3.475754967383771210e-01 -8.573256704033190845e-01 -2.437418039041905626e-01 0.000000000000000000e+00 0.000000000000000000e+00 0.000000000000000000e+00
1.418888029274893794e-05 -4.263652990173612545e-01 -4.836814183829871161e-01 1.023179848185381963e-01 0.000000000000000000e+00 0.000000000000000000e+00 0.000000000000000000e+00
1.418888029274893794e-05 -3.884420996931448045e-01 -2.055370045309883320e-01 3.917782513903335651e-01 0.000000000000000000e+00 0.000000000000000000e+00 0.000000000000000000e+00
1.418888029274893794e-05 2.812047252492135274e-01 -1.451511149570841597e-01 1.833787793825865930e-01 0.000000000000000000e+00 0.000000000000000000e+00 0.000000000000000000e+00
1.418888029274893794e-05 5.753957388510019255e-01 5.695865965829162436e-02 5.869943760909517722e-02 0.000000000000000000e+00 0.000000000000000000e+00 0.000000000000000000e+00
1.418888029274893794e-05 2.950801793098411507e-01 -1.127638936848795737e-01 9.441750743627000952e-01 0.000000000000000000e+00 0.000000000000000000e+00 0.000000000000000000e+00
1.418888029274893794e-05 6.191916305002591603e-01 -6.538649778266237833e-01 5.911598767438672880e-02 0.000000000000000000e+00 0.000000000000000000e+00 0.000000000000000000e+00
1.418888029274893794e-05 6.389242092525877492e-01 5.800041240477825377e-02 4.269569387601432342e-01 0.000000000000000000e+00 0.000000000000000000e+00 0.000000000000000000e+00
1.418888029274893794e-05 2.320294147267194240e-01 -3.750777733558431359e-01 -1.616159782131132983e-01 0.000000000000000000e+00 0.000000000000000000e+00 0.000000000000000000e+00
1.418888029274893794e-05 -4.066502151701366641e-01 -6.926950340904501624e-02 2.243721596380652827e-01 0.000000000000000000e+00 0.000000000000000000e+00 0.000000000000000000e+00
1.418888029274893794e-05 2.969960985694453659e-01 -2.515816839270986205e-01 -1.469827052683226332e-01 0.000000000000000000e+00 0.000000000000000000e+00 0.000000000000000000e+00
1.418888029274893794e-05 8.664903744026547505e-02 -4.872512004781577866e-01 -3.353129303039265041e-01 0.000000000000000000e+00 0.000000000000000000e+00 0.000000000000000000e+00
1.418888029274893794e-05 -4.458493450287776549e-01 3.715632764886223072e-01 1.267178754407599084e-01 0.000000000000000000e+00 0.000000000000000000e+00 0.000000000000000000e+00
1.418888029274893794e-05 5.630753047042914572e-01 6.372821186469239674e-01 -7.022866196871115074e-02 0.000000000000000000e+00 0.000000000000000000e+00 0.000000000000000000e+00
1.418888029274893794e-05 -7.233126756456395579e-02 -7.644406324897908833e-01 -2.825049774161284555e-01 0.000000000000000000e+00 0.000000000000000000e+00 0.000000000000000000e+00
1.418888029274893794e-05 -6.956189323461284824e-01 5.645528628778048175e-01 2.457663226388289435e-01 0.000000000000000000e+00 0.000000000000000000e+00 0.000000000000000000e+00
1.418888029274893794e-05 -5.235305921787843098e-02 -1.278621252585260618e-02 5.642973788813178126e-01 0.000000000000000000e+00 0.000000000000000000e+00 0.000000000000000000e+00
1.418888029274893794e-05 3.862611882439050959e-01 -3.103251046787781631e-01 3.683678387734666548e-02 0.000000000000000000e+00 0.000000000000000000e+00 0.000000000000000000e+00
1.418888029274893794e-05 -2.941636137829135023e-01 3.610453341764547353e-01 -8.335905037724288258e-01 0.000000000000000000e+00 0.000000000000000000e+00 0.000000000000000000e+00
1.418888029274893794e-05 -4.648258943482684313e-01 1.252804803848616699e-01 3.177180269147867886e-01 0.000000000000000000e+00 0.000000000000000000e+00 0.000000000000000000e+00
1.418888029274893794e-05 -5.304784582043299279e-01 -6.434982030248456164e-01 3.672633923218076579e-01 0.000000000000000000e+00 0.000000000000000000e+00 0.000000000000000000e+00
1.418888029274893794e-05 1.550972588978561106e-01 -5.192005477918445466e-01 -6.999870079929863820e-02 0.000000000000000000e+00 0.000000000000000000e+00 0.000000000000000000e+00
1.418888029274893794e-05 4.539320888904015416e-01 -2.417083552221936105e-01 1.343577994144390109e-01 0.000000000000000000e+00 0.000000000000000000e+00 0.000000000000000000e+00
1.418888029274893794e-05 2.858960826346032547e-01 3.622227813808984176e-01 4.972455442724399433e-01 0.000000000000000000e+00 0.000000000000000000e+00 0.000000000000000000e+00
1.418888029274893794e-05 2.076262072760013400e-01 5.034088735360837674e-01 5.369426815515284668e-01 0.000000000000000000e+00 0.000000000000000000e+00 0.000000000000000000e+00
1.418888029274893794e-05 7.808842896967306269e-01 -2.587282076799412578e-01 -2.798314483884462578e-01 0.000000000000000000e+00 0.000000000000000000e+00 0.000000000000000000e+00
1.418888029274893794e-05 5.922357411199697941e-01 2.194958286997805430e-01 7.007884368702856914e-01 0.000000000000000000e+00 0.000000000000000000e+00 0.000000000000000000e+00
1.418888029274893794e-05 5.083531133460615914e-01 -1.726083582045656040e-01 5.950823925252820557e-01 0.000000000000000000e+00 0.000000000000000000e+00 0.000000000000000000e+00
1.418888029274893794e-05 -2.064801240392144521e-01 5.500463069625654011e-01 1.336903283366304707e-01 0.000000000000000000e+00 0.000000000000000000e+00 0.000000000000000000e+00
1.418888029274893794e-05 2.219741889506524415e-02 -5.822322342756288682e-01 -5.533903669264296221e-01 0.000000000000000000e+00 0.000000000000000000e+00 0.000000000000000000e+00
1.418888029274893794e-05 1.885080802062221728e-01 5.596756691399441819e-02 8.602385794042438638e-01 0.000000000000000000e+00 0.000000000000000000e+00 0.000000000000000000e+00
1.418888029274893794e-05 4.991197997715438039e-01 -9.438239544087638488e-02 8.152319027481039759e-01 0.000000000000000000e+00 0.000000000000000000e+00 0.000000000000000000e+00
1.418888029274893794e-05 1.831414606307480708e-01 7.802404633355229935e-01 9.592291170549560597e-02 0.000000000000000000e+00 0.000000000000000000e+00 0.000000000000000000e+00
1.418888029274893794e-05 6.747908642132136592e-01 -3.809480995741219567e-01 -5.254649047966696296e-01 0.000000000000000000e+00 0.000000000000000000e+00 0.000000000000000000e+00
1.418888029274893794e-05 6.020902730057203778e-01 5.087707263726978235e-01 -3.713156635644273562e-01 0.000000000000000000e+00 0.000000000000000000e+00 0.000000000000000000e+00
1.418888029274893794e-05 6.491666062263246051e-01 -5.345303791647508795e-01 -2.701695275976616628e-01 0.000000000000000000e+00 0.000000000000000000e+00 0.000000000000000000e+00
1.418888029274893794e-05 -3.465352226811215797e-01 1.551333278582523179e-01 4.265318184390275436e-01 0.000000000000000000e+00 0.000000000000000000e+00 0.000000000000000000e+00
1.418888029274893794e-05 -3.977933083041239049e-01 2.839940199869701587e-01 4.064073042370628941e-01 0.000000000000000000e+00 0.000000000000000000e+00 0.000000000000000000e+00
1.418888029274893794e-05 5.013289180234749010e-01 5.943307328242527499e-01 5.832630006729759842e-01 0.000000000000000000e+00 0.000000000000000000e+00 0.000000000000000000e+00
1.418888029274893794e-05 8.125728145190999063e-01 8.579265162028146263e-02 -4.953233516448919960e-01 0.000000000000000000e+00 0.000000000000000000e+00 0.000000000000000000e+00
1.418888029274893794e-05 4.208987609559262655e-01 1.935167838795212938e-02 3.913317081109368156e-01 0.000000000000000000e+00 0.000000000000000000e+00 0.000000000000000000e+00
1.418888029274893794e-05 2.634526533139527338e-01 1.093578275266006705e-01 2.887457876250927313e-01 0.000000000000000000e+00 0.000000000000000000e+00 0.000000000000000000e+00
1.418888029274893794e-05 -1.979080413709106423e-01 -6.762977735683660674e-01 -2.901731620965307679e-01 0.000000000000000000e+00 0.000000000000000000e+00 0.000000000000000000e+00
1.418888029274893794e-05 4.440155871351075256e-01 -1.978907016874479619e-01 8.604135213876011878e-01 0.000000000000000000e+00 0.000000000000000000e+00 0.000000000000000000e+00
1.418888029274893794e-05 -3.503758350768010343e-01 3.863777721366672413e-01 3.929871017100966535e-01 0.000000000000000000e+00 0.000000000000000000e+00 0.000000000000000000e+00
1.418888029274893794e-05 -5.627835683656488008e-01 6.296491262318966164e-01 2.823203021447459604e-01 0.000000000000000000e+00 0.000000000000000000e+00 0.000000000000000000e+00
1.418888029274893794e-05 -2.396788438193722115e-01 5.816714816713614879e-03 -3.917276880458863131e-01 0.000000000000000000e+00 0.000000000000000000e+00 0.000000000000000000e+00
1.418888029274893794e-05 -3.894211912886189064e-01 1.618667456487493106e-01 7.812191871518318065e-01 0.000000000000000000e+00 0.000000000000000000e+00 0.000000000000000000e+00
1.418888029274893794e-05 2.486035504890918846e-01 -8.274975593583900890e-01 -2.591126566993996461e-01 0.000000000000000000e+00 0.000000000000000000e+00 0.000000000000000000e+00
1.418888029274893794e-05 -7.866711798221988072e-01 2.610752685800413544e-02 -3.696821963761182661e-01 0.000000000000000000e+00 0.000000000000000000e+00 0.000000000000000000e+00
1.418888029274893794e-05 1.900625181664651053e-01 -1.230509950499495547e-01 -2.623135635644155972e-01 0.000000000000000000e+00 0.000000000000000000e+00 0.000000000000000000e+00
1.418888029274893794e-05 -4.489871866934878053e-01 -1.464051070841107249e-01 4.773930277013357926e-01 0.000000000000000000e+00 0.000000000000000000e+00 0.000000000000000000e+00
1.418888029274893794e-05 -1.351654382950739086e-01 4.525444052444129728e-01 -6.864276104395746758e-01 0.000000000000000000e+00 0.000000000000000000e+00 0.000000000000000000e+00
1.418888029274893794e-05 4.154357722055475599e-01 -5.992118791928895405e-01 -2.753537896069611635e-01 0.000000000000000000e+00 0.000000000000000000e+00 0.000000000000000000e+00
1.418888029274893794e-05 3.840607710387452522e-01 9.847738554695678603e-02 -2.650139510776557961e-01 0.000000000000000000e+00 0.000000000000000000e+00 0.000000000000000000e+00
1.418888029274893794e-05 -2.452453107549137090e-01 -9.370810717636329779e-02 -7.460228686958704225e-01 0.000000000000000000e+00 0.000000000000000000e+00 0.000000000000000000e+00
1.418888029274893794e-05 -1.211201813093854690e-01 -3.717122169177576874e-01 4.132005726040851590e-01 0.000000000000000000e+00 0.000000000000000000e+00 0.000000000000000000e+00
1.418888029274893794e-05 2.566367042535306342e-01 -8.693912042161252574e-01 -4.159668009109516312e-02 0.000000000000000000e+00 0.000000000000000000e+00 0.000000000000000000e+00
1.418888029274893794e-05 5.716450149928603564e-01 -5.415683837222476371e-03 2.926638899456703372e-02 0.000000000000000000e+00 0.000000000000000000e+00 0.000000000000000000e+00
1.418888029274893794e-05 -1.674950865641731401e-01 1.209783864373002310e-01 1.058785620448159104e-01 0.000000000000000000e+00 0.000000000000000000e+00 0.000000000000000000e+00
1.418888029274893794e-05 -4.913457560702012006e-01 2.616475657868995164e-01 1.424294552748950060e-01 0.000000000000000000e+00 0.000000000000000000e+00 0.000000000000000000e+00
1.418888029274893794e-05 -3.808347086716586949e-01 -4.663581329835543854e-01 6.204872285121097730e-02 0.000000000000000000e+00 0.000000000000000000e+00 0.000000000000000000e+00
1.418888029274893794e-05 3.539245574176378556e-02 6.258315212769703928e-01 5.227789858396016953e-01 0.000000000000000000e+00 0.000000000000000000e+00 0.000000000000000000e+00
1.418888029274893794e-05 -7.273166620334602372e-01 1.069500870274078808e-01 -5.964244918054049105e-01 0.000000000000000000e+00 0.000000000000000000e+00 0.000000000000000000e+00
1.418888029274893794e-05 5.887067370172084368e-01 4.909600438043051907e-01 4.858585725397031041e-01 0.000000000000000000e+00 0.000000000000000000e+00 0.000000000000000000e+00
1.418888029274893794e-05 2.386612660140089159e-01 4.666013400652546661e-01 1.155285037012536015e-01 0.000000000000000000e+00 0.000000000000000000e+00 0.000000000000000000e+00
1.418888029274893794e-05 -4.411800140292997108e-02 -2.355801397573962785e-01 -7.418267114531359452e-01 0.000000000000000000e+00 0.000000000000000000e+00 0.000000000000000000e+00
1.418888029274893794e-05 6.263006787160241284e-01 -2.164011223855472343e-01 6.677035240858264498e-01 0.000000000000000000e+00 0.000000000000000000e+00 0.000000000000000000e+00
1.418888029274893794e-05 -6.063822085263363970e-01 -5.314952296095524220e-01 5.869273478104496400e-01 0.000000000000000000e+00 0.000000000000000000e+00 0.000000000000000000e+00
1.418888029274893794e-05 -1.813073735475838610e-01 6.171121511036642415e-01 -3.627409232783957577e-02 0.000000000000000000e+00 0.000000000000000000e+00 0.000000000000000000e+00
1.418888029274893794e-05 6.090181715457163719e-02 4.005299033819569310e-01 -5.631096673956322851e-01 0.000000000000000000e+00 0.000000000000000000e+00 0.000000000000000000e+00
1.418888029274893794e-05 2.634557048082018516e-01 -6.312092000356215316e-01 -3.383032657381839226e-01 0.000000000000000000e+00 0.000000000000000000e+00 0.000000000000000000e+00
1.418888029274893794e-05 1.429099343515835008e-01 2.193016889275008208e-01 6.704771727978907636e-01 0.000000000000000000e+00 0.000000000000000000e+00 0.000000000000000000e+00
1.418888029274893794e-05 -1.309829934757070213e-02 1.853013491244381861e-01 -4.068837222035130985e-01 0.000000000000000000e+00 0.000000000000000000e+00 0.000000000000000000e+00
1.418888029274893794e-05 -5.363361888609161632e-01 1.997037464851531552e-01 6.964916780827817844e-01 0.000000000000000000e+00 0.000000000000000000e+00 0.000000000000000000e+00
1.418888029274893794e-05 5.885366551907719179e-01 -5.071281529481822536e-01 -4.135347637017531830e-01 0.000000000000000000e+00 0.000000000000000000e+00 0.000000000000000000e+00
1.418888029274893794e-05 2.616263088746410004e-01 6.877306974612894530e-01 3.915017256156814729e-01 0.000000000000000000e+00 0.000000000000000000e+00 0.000000000000000000e+00
